"","riagendr","ridageyr","ridreth1","ridreth3","ridexmon","bpq020","bpq030","bpd035","bpq040a","bpq050a","bpq080","bpq060","bpq070","bpq090d","alq101","alq110","alq120q","alq120u","alq130","alq141q","alq141u","alq151","alq160","inq020","inq012","inq030","inq060","inq080","inq090","inq132","inq140","inq150","wtdrd1","wtdr2d","dr1drstz","dr1exmer","drabf","drdint","dr1dbih","dr1day","dr1lang"
"riagendr",1,-0.0146127244959138,-0.027209122178992,-0.0285247592592159,0.0124352202016179,-0.00616297985914868,-0.0259345674397522,0.00148917172334678,-0.053042846273503,-0.0677184689281797,0.0189476475443422,-0.0172623191531216,-0.0363383934133608,0.0396986824434859,0.245881293834026,-0.0616666771663995,-0.010337597411676,0.25478139717718,-0.0232557908507787,-0.0516250949160757,0.174987289630633,0.173753346076918,-0.0362365979516386,-0.0130340504414864,0.0242184697433223,0.0047825016752691,0.0129444526528097,-0.00577898090007788,0.00946777055024713,-0.00876732918414385,0.021075331542091,-0.0213110497721034,-0.00237767669309329,-0.00721357183745595,0.0180912470561406,0.00694893105849612,NA,0.0243074338837703,-0.0281124277672129,-0.0104155040905061,0.00554943513297509
"ridageyr",-0.0146127244959138,1,-0.042208923331746,-0.0598369503397003,-0.0435757636420988,-0.402978404165309,-0.0858272844610219,0.116295551192961,-0.350845812148354,-0.465698577668004,-0.201868320426307,-0.128054960881769,-0.196221380462813,-0.316195198115168,0.0385620524937498,-0.0168309092000553,0.0174872855677005,0.0130580684652974,-0.0139828234057619,0.00185019129180098,0.0108576559647254,-0.0862160808857421,0.02740774427343,0.223175662357851,0.018151801795368,-0.336569348931306,-0.0300372609751519,-0.190532037073894,-0.0124446736989587,0.0461096762097783,-0.059702135010239,0.0876759557026016,-0.0306770181397938,-0.0261496014488356,-0.0362517221937686,-0.000359293787647058,NA,0.0797241671480073,0.0162238625634484,-0.10139833310903,0.0846885820232213
"ridreth1",-0.027209122178992,-0.042208923331746,1,0.972305767088816,0.195966642488183,-0.00990367199265291,-0.00751833106255231,0.00731573289125611,-0.0958459214265913,-0.0514817506936867,-0.0145095497031661,-0.00485290023649859,-0.0432114280476243,0.0392885999155657,0.0238055964941668,-0.000651725584855252,0.0294217817289699,-0.0263389821632694,0.010771313259263,-0.0328866445220657,0.0615338722220819,0.0256557976490067,0.0389530670104771,-0.0210362743729319,0.00434638705884638,0.0183268258044017,0.0175899804134508,-0.00729949620808806,-0.00956329672633402,0.0157867395873434,-0.0446719820103596,-0.0315510695247968,0.00850479452793715,0.00963740383797109,0.0775825130554545,0.00327375579560592,NA,0.0255957254517112,-0.0367642967948565,0.00721567333340299,-0.036925658152118
"ridreth3",-0.0285247592592159,-0.0598369503397003,0.972305767088816,1,0.149978460201988,0.00399067361515586,-0.000918415084169724,-0.00116331690971876,-0.0792867069194617,-0.03589051016714,-0.0117384194659716,-0.00139049178874498,-0.0296222737193973,0.0396662512344287,0.0361442748876217,0.00626949821583501,0.0246872254933638,0.00106530402652354,0.00396136814149949,-0.0260845344076362,0.0711665306972473,0.0411266853334379,0.0377690613909192,-0.0279455558199573,0.00667613890063708,0.0298552538842164,0.0193098622007767,0.00715304697457455,-0.00295218284101308,0.0105913869113679,-0.0378338849472626,-0.024946867723828,-0.0238856987405703,-0.0158026412913764,0.0917114103415238,-0.00153340834974487,NA,0.00996107730555851,-0.026020783862037,0.013289201824501,0.0117751721034635
"ridexmon",0.0124352202016179,-0.0435757636420988,0.195966642488183,0.149978460201988,1,0.0181776598435663,0.0139480373428453,0.0431429952600566,-0.0203289809994079,-0.0143701591575365,0.00901219994680015,0.0440962846871866,-0.0224636098170398,0.0219772175606594,-0.0150921985527594,0.0344283493647616,0.0259749563751208,-0.0400159954309969,0.0212067639459209,-0.00463622694190311,-0.01125023387179,0.00921660126560011,0.0179260884828862,0.00444705101052651,0.0175481954083479,0.0227068874804016,0.0259213806598804,0.0172367481848055,-0.00401971929327557,0.030130123561999,-0.0150825924342861,0.014387883836722,0.0845488926083874,0.0741016777342012,-0.00844466311487732,-0.0551585614689373,NA,0.0254931187783901,-0.0899395019131956,-0.017996290603118,-0.0779435276850414
"bpq020",-0.00616297985914868,-0.402978404165309,-0.00990367199265291,0.00399067361515586,0.0181776598435663,1,0.081262281282412,-0.031084452922486,0.201225664051021,0.219424328930982,0.203230680455848,0.103589218759271,0.155053062443811,0.268013214698352,-0.0172663095020678,0.00932459303867149,0.000403405941454228,0.00144438710248344,0.00364816051477066,0.0185440685494642,0.0795577235665521,0.0930970889278049,-0.0172225761651344,-0.0866042380628401,-0.0272997813740009,0.160792218208198,0.0366120343558831,0.0735787118842326,0.0257986902335585,0.0028225702741241,0.0101176607656884,-0.00603132094451278,0.0626689791728577,0.0461446029348444,0.0281481274773819,-0.0158741246707802,NA,-0.0482782268597899,0.000110989820574361,0.0421319833853717,-0.00521757378243874
"bpq030",-0.0259345674397522,-0.0858272844610219,-0.00751833106255231,-0.000918415084169724,0.0139480373428453,0.081262281282412,1,0.0868849436083074,0.216610697657196,0.10437965447819,0.0247866906863153,0.273505429875508,0.105502942780938,0.00270598641352106,0.0116051963330168,-0.00485282684485712,0.0573185510031311,-0.0185086065577448,-0.00520657693355642,0.010854992568013,0.015101171932946,0.0121383404871834,-0.0132292538089313,-0.00760952427696557,-0.0222467386179371,0.00332335787554125,0.0191207758600608,-0.0051202966351341,0.0184341781143938,0.00157418559161826,0.0318545243027437,0.0307748429792018,0.0192639447299923,0.0439669953471313,0.00493465206452226,-0.0328893526507065,NA,-0.00443223220767257,-0.0170038276394659,-0.0212160956879395,0.00043567063570174
"bpd035",0.00148917172334678,0.116295551192961,0.00731573289125611,-0.00116331690971876,0.0431429952600566,-0.031084452922486,0.0868849436083074,1,0.0110992767042614,-0.0597413405587793,0.0371264016461929,0.244369177678995,0.0362253213937629,-0.0835983339058494,0.0303005888939588,0.084592848483698,0.101436043689503,-0.0261822459432456,0.0708230177148226,0.0535367346800426,-0.167535456390804,0.0437758297689272,0.0795698999172316,0.0206064106465633,-0.00709858703444746,-0.0573231885180745,0.0579994926449843,0.0303819568170639,-0.0131132581446622,-0.00797693309500658,0.03792434711025,0.0537131219504136,-0.0130047414972434,-0.00764269849030504,0.00532826410797921,-0.00734383221408564,NA,0.0122410679693777,0.0195190168505638,-0.034117473425196,-0.0154668049033315
"bpq040a",-0.053042846273503,-0.350845812148354,-0.0958459214265913,-0.0792867069194617,-0.0203289809994079,0.201225664051021,0.216610697657196,0.0110992767042614,1,0.223382997794028,0.106824604944138,0.170679909007331,0.223415448834011,0.132138908365398,-0.0102127090556597,0.0186726282179848,0.0183222482699775,0.024957519933673,0.017490252320875,0.0135794869624276,0.0556831887755216,0.0359742733895415,-0.0170833117974913,-0.0507609541822317,-0.0057236566821761,0.102126312553261,0.00742694258436339,0.0575941725858487,0.0153909837925254,0.00247237851675209,-0.00563103248046412,-0.0101211157867272,0.00265111386667849,0.0166407342154206,0.0308922109669953,-0.00141766463207099,NA,-0.0783401701745644,0.00628886031809045,0.0127919232151113,0.0142886105304144
"bpq050a",-0.0677184689281797,-0.465698577668004,-0.0514817506936867,-0.03589051016714,-0.0143701591575365,0.219424328930982,0.10437965447819,-0.0597413405587793,0.223382997794028,1,0.128413882968688,0.0970763079293786,0.262757882619178,0.185753305778131,-0.037259889205874,0.0144258221571479,-0.00398087212740754,-0.0305515921451275,0.00615035125503595,0.0440525740200333,0.065149166496717,0.0495605365974258,0.00386769029774431,-0.0455134434555797,-0.0395858728040918,0.163587273356787,0.0468095009575686,0.0842373107706986,0.0460828728788419,-0.0080271946655002,0.0474455263049199,-0.0193280699094202,0.0720402425160965,0.0921963484221567,0.0436231984317206,0.0330760529336189,NA,-0.000595232342266338,-0.0200734527806472,0.0626981889294785,-0.0294753977452343
"bpq080",0.0189476475443422,-0.201868320426307,-0.0145095497031661,-0.0117384194659716,0.00901219994680015,0.203230680455848,0.0247866906863153,0.0371264016461929,0.106824604944138,0.128413882968688,1,0.104127493115072,0.1710118019576,0.374217414101704,0.0101509010053447,0.0167853861595841,0.00421609938138543,0.00588560822251401,0.000120503256005757,0.0469724407222803,-0.0752435835182309,-0.00130117854608775,-0.00566529687217252,-0.0258503973202798,-0.0144534742480868,0.063088687739868,-0.00265190644981991,0.0297264578780608,-0.0108616725132065,-0.00207454124804182,0.0342530319700903,-0.0319482408573391,-0.0168823555548064,-0.01161221893314,0.0285617120911427,-0.0189982429983002,NA,-0.0193288901751967,-0.0244532852245496,0.0108055821912241,-0.0147520047233176
"bpq060",-0.0172623191531216,-0.128054960881769,-0.00485290023649859,-0.00139049178874498,0.0440962846871866,0.103589218759271,0.273505429875508,0.244369177678995,0.170679909007331,0.0970763079293786,0.104127493115072,1,0.0867082853151303,-0.0287745262973956,-0.00228626404906478,0.0654595449507055,0.0159772450615136,-0.0112905813617935,0.00456316861621223,0.0107773677717878,-0.0485317049981443,-0.0321789214672795,-0.0141520719542554,0.0208742378642567,-0.0109291355201052,0.0732851230562194,0.060124803776689,0.0284758643320407,0.0238505637767501,0.0174802242386504,0.0646630182355968,-0.00860122285325021,-0.00745003021301645,-0.00996735255448002,-0.017219745882467,-0.0535840741085339,NA,-0.00482976224229696,-0.000923869146357788,-0.00289151675197485,-0.0127920695510147
"bpq070",-0.0363383934133608,-0.196221380462813,-0.0432114280476243,-0.0296222737193973,-0.0224636098170398,0.155053062443811,0.105502942780938,0.0362253213937629,0.223415448834011,0.262757882619178,0.1710118019576,0.0867082853151303,1,0.128516672094481,-0.0307245431472202,0.0241673116667091,-0.0194580011330579,-0.0353557959234246,4.78294153102043e-05,0.0122396526806254,0.0179599764452767,-0.00300121712860015,-0.0118597973640294,-0.0129246598582093,-0.0223978479544957,0.0894403563615151,0.034473506696028,0.0248125674721713,0.00110850221036509,-0.00711638912079741,0.0493860756141354,-0.0210255836544835,-0.0150842122547649,-0.0144437932193435,0.0243605750888633,0.0320823020772923,NA,-0.0323209202483451,0.0103152759533726,0.0130417009709011,0.0235591392121045
"bpq090d",0.0396986824434859,-0.316195198115168,0.0392885999155657,0.0396662512344287,0.0219772175606594,0.268013214698352,0.00270598641352106,-0.0835983339058494,0.132138908365398,0.185753305778131,0.374217414101704,-0.0287745262973956,0.128516672094481,1,0.00295934931588051,-0.00953747520612099,-0.00606395066107567,-0.0288591089992084,-0.00178408070216253,0.0280913697285624,0.0202913896053882,0.0481889709959362,0.0303760395696993,-0.0866376642810845,-0.0365675753495553,0.156611779816699,0.067339713803881,0.137206214016945,0.0189298964103508,0.0197730150703672,0.0304152420981345,-0.0174407861853243,0.00744988636785417,0.0128218841333604,0.0354255975728548,-0.00428105356059301,NA,-0.00907252815107472,-0.0216991951702571,0.0230314885467975,-0.0351682337571118
"alq101",0.245881293834026,0.0385620524937498,0.0238055964941668,0.0361442748876217,-0.0150921985527594,-0.0172663095020678,0.0116051963330168,0.0303005888939588,-0.0102127090556597,-0.037259889205874,0.0101509010053447,-0.00228626404906478,-0.0307245431472202,0.00295934931588051,1,-0.109856753975722,0.0352325075074932,0.533014001747232,0.0275834772737512,-0.0118490993177511,0.201759574219792,0.129883362728684,-0.0251993700762766,0.0380822159007088,0.0484034548547345,-0.00454340571745846,-0.00432737845310195,0.00496570291789238,0.0174022550761846,0.0224918035945415,0.0523167255082966,0.0563804609602189,-0.12311242304096,-0.100243906580777,0.0229861033627617,-0.0275210284716482,NA,-0.0316913365974364,-0.0240462664039941,0.0125467143287667,0.101806683621311
"alq110",-0.0616666771663995,-0.0168309092000553,-0.000651725584855252,0.00626949821583501,0.0344283493647616,0.00932459303867149,-0.00485282684485712,0.084592848483698,0.0186726282179848,0.0144258221571479,0.0167853861595841,0.0654595449507055,0.0241673116667091,-0.00953747520612099,-0.109856753975722,1,-0.00853379407754735,-0.171820289716417,-0.00577404431027156,0.121780729745366,-0.120821693764007,-0.137734492251982,-0.00298534171042452,-0.00303403089073251,0.041562887647175,0.0231925123375749,0.0236232974412578,0.00921653314129797,0.0132028125989835,0.0540530802375529,0.0112625832359221,0.00305482743770595,-0.0386989849445401,0.00928349848522409,0.0406794189654482,-0.0276363234038674,NA,-0.0211970713249639,0.00735680885782173,0.0114949877678858,0.0949305541450746
"alq120q",-0.010337597411676,0.0174872855677005,0.0294217817289699,0.0246872254933638,0.0259749563751208,0.000403405941454228,0.0573185510031311,0.101436043689503,0.0183222482699775,-0.00398087212740754,0.00421609938138543,0.0159772450615136,-0.0194580011330579,-0.00606395066107567,0.0352325075074932,-0.00853379407754735,1,0.0284521474099871,0.468190620510716,0.191787924510334,-0.0281266037391522,-0.00329824993189323,0.0746826252349823,0.0117232613884904,0.00401381196696372,-0.00372220122825566,0.00559440025899978,-0.0114537568966887,-0.0213710526745357,-0.0184308217657903,0.00235506072200689,-0.00173261047929467,-0.00930769878440043,-0.000230604134714802,0.0118262808975214,0.0092288636190379,NA,0.0168268353288394,-0.00369029950346062,-0.00836759918909074,-0.00104140869567802
"alq120u",0.25478139717718,0.0130580684652974,-0.0263389821632694,0.00106530402652354,-0.0400159954309969,0.00144438710248344,-0.0185086065577448,-0.0261822459432456,0.024957519933673,-0.0305515921451275,0.00588560822251401,-0.0112905813617935,-0.0353557959234246,-0.0288591089992084,0.533014001747232,-0.171820289716417,0.0284521474099871,1,-0.0252583255802028,-0.0248396930277884,0.530338767952582,0.150959675352107,-0.0555918814363576,0.0431380040746496,0.065541701711259,-0.00678367588716454,0.000509753519515338,0.0108670776762176,-0.0111301407114159,0.0247921356921844,0.0498654556687444,0.0236270522116196,-0.140148689034023,-0.117126336896416,-0.0163450685994393,-0.0264241566422931,NA,-0.0394348295596783,-0.0381544679308849,-0.0188259778898231,0.106963587044333
"alq130",-0.0232557908507787,-0.0139828234057619,0.010771313259263,0.00396136814149949,0.0212067639459209,0.00364816051477066,-0.00520657693355642,0.0708230177148226,0.017490252320875,0.00615035125503595,0.000120503256005757,0.00456316861621223,4.78294153102043e-05,-0.00178408070216253,0.0275834772737512,-0.00577404431027156,0.468190620510716,-0.0252583255802028,1,0.0955780950240134,-0.0655457133855413,-0.0227292773994822,0.247660788501557,0.00650204364197697,0.00839544669747887,-0.0143490442551338,0.00168212786449807,9.67147673870749e-06,-0.023335333022678,-0.024683434299263,0.010187857933576,-0.00393283885570532,-0.0127580405139714,-0.0117448573276441,-0.000430291606676606,0.00190833847534062,NA,-0.0335952976383241,0.00372312453640524,-0.0108067076029212,-0.00918493108346899
"alq141q",-0.0516250949160757,0.00185019129180098,-0.0328866445220657,-0.0260845344076362,-0.00463622694190311,0.0185440685494642,0.010854992568013,0.0535367346800426,0.0135794869624276,0.0440525740200333,0.0469724407222803,0.0107773677717878,0.0122396526806254,0.0280913697285624,-0.0118490993177511,0.121780729745366,0.191787924510334,-0.0248396930277884,0.0955780950240134,1,0.04939068448721,-0.0662695036638999,0.0412638797474558,0.0100924803224945,0.0283329863025107,0.0374317305039651,0.0233370026839396,0.0187895367436173,0.0107918997526096,0.0291336227907453,0.0273372339931987,0.0266071045153226,-0.00960526731840088,-0.0164595198245834,0.0617244303334227,-0.0494896424447062,NA,-0.0627370508448727,0.0216902283060743,-0.00837123637927508,0.0173626588877067
"alq141u",0.174987289630633,0.0108576559647254,0.0615338722220819,0.0711665306972473,-0.01125023387179,0.0795577235665521,0.015101171932946,-0.167535456390804,0.0556831887755216,0.065149166496717,-0.0752435835182309,-0.0485317049981443,0.0179599764452767,0.0202913896053882,0.201759574219792,-0.120821693764007,-0.0281266037391522,0.530338767952582,-0.0655457133855413,0.04939068448721,1,0.244089260849536,-0.103348943907466,-0.00383187657923009,-0.0221726292752225,0.001335630354681,0.070629600340862,0.00277706634094484,0.0303217742437907,0.0507906893051355,-0.111040767302394,0.0327272504616193,0.0138468948914344,0.0102866177375516,-0.0783145600611337,-0.0147117740170024,NA,-0.0056060535717217,0.0286905704549854,-0.00716771017665682,0.0581247906352978
"alq151",0.173753346076918,-0.0862160808857421,0.0256557976490067,0.0411266853334379,0.00921660126560011,0.0930970889278049,0.0121383404871834,0.0437758297689272,0.0359742733895415,0.0495605365974258,-0.00130117854608775,-0.0321789214672795,-0.00300121712860015,0.0481889709959362,0.129883362728684,-0.137734492251982,-0.00329824993189323,0.150959675352107,-0.0227292773994822,-0.0662695036638999,0.244089260849536,1,0.00399299067665551,-0.0538433399966054,-0.0247583617402981,0.0335277056989798,0.0172754728266971,0.00126519918184788,0.010369306269569,-0.00586234721132449,-0.0435014839829276,-5.20576644197255e-05,-0.0160255782716957,-0.0117960715511774,-0.0119054960975159,0.0403399216951389,NA,-0.0252776489820892,-0.00689877905046584,0.0191846695267138,0.0725023648132341
"alq160",-0.0362365979516386,0.02740774427343,0.0389530670104771,0.0377690613909192,0.0179260884828862,-0.0172225761651344,-0.0132292538089313,0.0795698999172316,-0.0170833117974913,0.00386769029774431,-0.00566529687217252,-0.0141520719542554,-0.0118597973640294,0.0303760395696993,-0.0251993700762766,-0.00298534171042452,0.0746826252349823,-0.0555918814363576,0.247660788501557,0.0412638797474558,-0.103348943907466,0.00399299067665551,1,0.0472071013774255,0.0388042709303868,0.00957150955438901,-0.0212659104652885,0.0435713597113648,-0.020456582753635,-0.00926259349356701,0.021585690014181,0.0560122852530013,-0.0426231614120726,-0.0372428439270353,0.114165271658138,-0.0211024474043271,NA,-0.0159111160166226,0.00312861693978749,0.00584625591453494,0.0886908515740754
"inq020",-0.0130340504414864,0.223175662357851,-0.0210362743729319,-0.0279455558199573,0.00444705101052651,-0.0866042380628401,-0.00760952427696557,0.0206064106465633,-0.0507609541822317,-0.0455134434555797,-0.0258503973202798,0.0208742378642567,-0.0129246598582093,-0.0866376642810845,0.0380822159007088,-0.00303403089073251,0.0117232613884904,0.0431380040746496,0.00650204364197697,0.0100924803224945,-0.00383187657923009,-0.0538433399966054,0.0472071013774255,1,0.3136026931156,0.203483241574525,0.11145092494242,0.0806776808688281,0.264403369698846,0.267564032623022,0.188905447326791,0.267637563803546,-0.0429836204374061,-0.0293339680125731,0.00256630359771093,-0.00673844911572623,NA,0.0140547804760672,0.00900458069213615,-0.0348748421551411,0.0216781187718979
"inq012",0.0242184697433223,0.018151801795368,0.00434638705884638,0.00667613890063708,0.0175481954083479,-0.0272997813740009,-0.0222467386179371,-0.00709858703444746,-0.0057236566821761,-0.0395858728040918,-0.0144534742480868,-0.0109291355201052,-0.0223978479544957,-0.0365675753495553,0.0484034548547345,0.041562887647175,0.00401381196696372,0.065541701711259,0.00839544669747887,0.0283329863025107,-0.0221726292752225,-0.0247583617402981,0.0388042709303868,0.3136026931156,1,0.304411032220301,0.27926242168012,0.235471900181522,0.23227819692004,0.268822375705172,0.267176274845188,0.33446747235635,-0.0733939855157411,-0.0664181926938677,0.0169745281568515,-0.00896417483914196,NA,-0.0187910201249522,-0.0088479765126461,0.0262216000956045,0.0456455947229457
"inq030",0.0047825016752691,-0.336569348931306,0.0183268258044017,0.0298552538842164,0.0227068874804016,0.160792218208198,0.00332335787554125,-0.0573231885180745,0.102126312553261,0.163587273356787,0.063088687739868,0.0732851230562194,0.0894403563615151,0.156611779816699,-0.00454340571745846,0.0231925123375749,-0.00372220122825566,-0.00678367588716454,-0.0143490442551338,0.0374317305039651,0.001335630354681,0.0335277056989798,0.00957150955438901,0.203483241574525,0.304411032220301,1,0.496365097358141,0.458600767279856,0.34513495666771,0.351148246586113,0.234044641722673,0.267633184417693,-0.0106078286756758,-0.00758166875263409,0.0427849171741513,-0.0148419221521927,NA,-0.0745558037054097,-0.0201785016295046,0.0837414929088704,0.0554146621275323
"inq060",0.0129444526528097,-0.0300372609751519,0.0175899804134508,0.0193098622007767,0.0259213806598804,0.0366120343558831,0.0191207758600608,0.0579994926449843,0.00742694258436339,0.0468095009575686,-0.00265190644981991,0.060124803776689,0.034473506696028,0.067339713803881,-0.00432737845310195,0.0236232974412578,0.00559440025899978,0.000509753519515338,0.00168212786449807,0.0233370026839396,0.070629600340862,0.0172754728266971,-0.0212659104652885,0.11145092494242,0.27926242168012,0.496365097358141,1,0.491653666100279,0.325791617951716,0.336606735061124,0.218749984353316,0.378955281280553,-0.0133501380186692,-0.0100743115154313,0.0165490169934921,-0.0243502244919602,NA,-0.020700524051667,-0.0227205536662593,0.0234311763313871,0.0148666943476598
"inq080",-0.00577898090007788,-0.190532037073894,-0.00729949620808806,0.00715304697457455,0.0172367481848055,0.0735787118842326,-0.0051202966351341,0.0303819568170639,0.0575941725858487,0.0842373107706986,0.0297264578780608,0.0284758643320407,0.0248125674721713,0.137206214016945,0.00496570291789238,0.00921653314129797,-0.0114537568966887,0.0108670776762176,9.67147673870749e-06,0.0187895367436173,0.00277706634094484,0.00126519918184788,0.0435713597113648,0.0806776808688281,0.235471900181522,0.458600767279856,0.491653666100279,1,0.293500210435141,0.346215307942678,0.3415846375693,0.375694791401317,-0.0277466176231133,-0.0283912326404886,0.01199016197568,-0.00680538631493087,NA,-0.0617243212815523,-0.0084125553425252,0.0465252089754377,0.0294368712901106
"inq090",0.00946777055024713,-0.0124446736989587,-0.00956329672633402,-0.00295218284101308,-0.00401971929327557,0.0257986902335585,0.0184341781143938,-0.0131132581446622,0.0153909837925254,0.0460828728788419,-0.0108616725132065,0.0238505637767501,0.00110850221036509,0.0189298964103508,0.0174022550761846,0.0132028125989835,-0.0213710526745357,-0.0111301407114159,-0.023335333022678,0.0107918997526096,0.0303217742437907,0.010369306269569,-0.020456582753635,0.264403369698846,0.23227819692004,0.34513495666771,0.325791617951716,0.293500210435141,1,0.343856499336876,0.254713181044242,0.31169618135094,0.0157191316517038,0.01388468962423,0.0141674089822133,-0.0023350961273941,NA,-0.0334722880743207,0.0231251869182958,0.00532131943604131,-0.015656666396253
"inq132",-0.00876732918414385,0.0461096762097783,0.0157867395873434,0.0105913869113679,0.030130123561999,0.0028225702741241,0.00157418559161826,-0.00797693309500658,0.00247237851675209,-0.0080271946655002,-0.00207454124804182,0.0174802242386504,-0.00711638912079741,0.0197730150703672,0.0224918035945415,0.0540530802375529,-0.0184308217657903,0.0247921356921844,-0.024683434299263,0.0291336227907453,0.0507906893051355,-0.00586234721132449,-0.00926259349356701,0.267564032623022,0.268822375705172,0.351148246586113,0.336606735061124,0.346215307942678,0.343856499336876,1,0.240798079388695,0.391253191002818,0.0120207852129767,0.00249870323626592,-0.0151295297237122,-0.0340986606683638,NA,-0.0158606274222079,-0.0048509414218866,-0.00568724847332315,-0.00018839425348319
"inq140",0.021075331542091,-0.059702135010239,-0.0446719820103596,-0.0378338849472626,-0.0150825924342861,0.0101176607656884,0.0318545243027437,0.03792434711025,-0.00563103248046412,0.0474455263049199,0.0342530319700903,0.0646630182355968,0.0493860756141354,0.0304152420981345,0.0523167255082966,0.0112625832359221,0.00235506072200689,0.0498654556687444,0.010187857933576,0.0273372339931987,-0.111040767302394,-0.0435014839829276,0.021585690014181,0.188905447326791,0.267176274845188,0.234044641722673,0.218749984353316,0.3415846375693,0.254713181044242,0.240798079388695,1,0.309567568992537,-0.121929887700298,-0.108150916655475,0.0342868445918536,0.0224989749405824,NA,-0.0754238140127158,-0.00589905371384719,0.0200305706816975,0.0785804757666404
"inq150",-0.0213110497721034,0.0876759557026016,-0.0315510695247968,-0.024946867723828,0.014387883836722,-0.00603132094451278,0.0307748429792018,0.0537131219504136,-0.0101211157867272,-0.0193280699094202,-0.0319482408573391,-0.00860122285325021,-0.0210255836544835,-0.0174407861853243,0.0563804609602189,0.00305482743770595,-0.00173261047929467,0.0236270522116196,-0.00393283885570532,0.0266071045153226,0.0327272504616193,-5.20576644197255e-05,0.0560122852530013,0.267637563803546,0.33446747235635,0.267633184417693,0.378955281280553,0.375694791401317,0.31169618135094,0.391253191002818,0.309567568992537,1,-0.018269163275441,-0.0365815597631941,0.0327352215105154,-0.00378387354243556,NA,-0.0375752414589676,-0.0142149851918329,0.0228831870283312,0.0795193954242433
"wtdrd1",-0.00237767669309329,-0.0306770181397938,0.00850479452793715,-0.0238856987405703,0.0845488926083874,0.0626689791728577,0.0192639447299923,-0.0130047414972434,0.00265111386667849,0.0720402425160965,-0.0168823555548064,-0.00745003021301645,-0.0150842122547649,0.00744988636785417,-0.12311242304096,-0.0386989849445401,-0.00930769878440043,-0.140148689034023,-0.0127580405139714,-0.00960526731840088,0.0138468948914344,-0.0160255782716957,-0.0426231614120726,-0.0429836204374061,-0.0733939855157411,-0.0106078286756758,-0.0133501380186692,-0.0277466176231133,0.0157191316517038,0.0120207852129767,-0.121929887700298,-0.018269163275441,1,0.823520424073834,-0.232774118923788,-0.0100413587115966,NA,0.0801076097838067,-0.014612042849446,-0.194510942558097,-0.181877074967859
"wtdr2d",-0.00721357183745595,-0.0261496014488356,0.00963740383797109,-0.0158026412913764,0.0741016777342012,0.0461446029348444,0.0439669953471313,-0.00764269849030504,0.0166407342154206,0.0921963484221567,-0.01161221893314,-0.00996735255448002,-0.0144437932193435,0.0128218841333604,-0.100243906580777,0.00928349848522409,-0.000230604134714802,-0.117126336896416,-0.0117448573276441,-0.0164595198245834,0.0102866177375516,-0.0117960715511774,-0.0372428439270353,-0.0293339680125731,-0.0664181926938677,-0.00758166875263409,-0.0100743115154313,-0.0283912326404886,0.01388468962423,0.00249870323626592,-0.108150916655475,-0.0365815597631941,0.823520424073834,1,-0.172891111337412,0.000151276216000175,NA,0.31247571576822,-0.020719750086635,-0.152207080146719,-0.169759857763407
"dr1drstz",0.0180912470561406,-0.0362517221937686,0.0775825130554545,0.0917114103415238,-0.00844466311487732,0.0281481274773819,0.00493465206452226,0.00532826410797921,0.0308922109669953,0.0436231984317206,0.0285617120911427,-0.017219745882467,0.0243605750888633,0.0354255975728548,0.0229861033627617,0.0406794189654482,0.0118262808975214,-0.0163450685994393,-0.000430291606676606,0.0617244303334227,-0.0783145600611337,-0.0119054960975159,0.114165271658138,0.00256630359771093,0.0169745281568515,0.0427849171741513,0.0165490169934921,0.01199016197568,0.0141674089822133,-0.0151295297237122,0.0342868445918536,0.0327352215105154,-0.232774118923788,-0.172891111337412,1,-0.058294460381175,NA,-0.187769894309919,0.074055263186238,-0.00287867758767821,0.271209235269138
"dr1exmer",0.00694893105849612,-0.000359293787647058,0.00327375579560592,-0.00153340834974487,-0.0551585614689373,-0.0158741246707802,-0.0328893526507065,-0.00734383221408564,-0.00141766463207099,0.0330760529336189,-0.0189982429983002,-0.0535840741085339,0.0320823020772923,-0.00428105356059301,-0.0275210284716482,-0.0276363234038674,0.0092288636190379,-0.0264241566422931,0.00190833847534062,-0.0494896424447062,-0.0147117740170024,0.0403399216951389,-0.0211024474043271,-0.00673844911572623,-0.00896417483914196,-0.0148419221521927,-0.0243502244919602,-0.00680538631493087,-0.0023350961273941,-0.0340986606683638,0.0224989749405824,-0.00378387354243556,-0.0100413587115966,0.000151276216000175,-0.058294460381175,1,NA,0.0289425340616759,-0.0120180510775048,0.0111057889660834,-0.0203924562087314
"drabf",NA,NA,NA,NA,NA,NA,NA,NA,NA,NA,NA,NA,NA,NA,NA,NA,NA,NA,NA,NA,NA,NA,NA,NA,NA,NA,NA,NA,NA,NA,NA,NA,NA,NA,NA,NA,1,NA,NA,NA,NA
"drdint",0.0243074338837703,0.0797241671480073,0.0255957254517112,0.00996107730555851,0.0254931187783901,-0.0482782268597899,-0.00443223220767257,0.0122410679693777,-0.0783401701745644,-0.000595232342266338,-0.0193288901751967,-0.00482976224229696,-0.0323209202483451,-0.00907252815107472,-0.0316913365974364,-0.0211970713249639,0.0168268353288394,-0.0394348295596783,-0.0335952976383241,-0.0627370508448727,-0.0056060535717217,-0.0252776489820892,-0.0159111160166226,0.0140547804760672,-0.0187910201249522,-0.0745558037054097,-0.020700524051667,-0.0617243212815523,-0.0334722880743207,-0.0158606274222079,-0.0754238140127158,-0.0375752414589676,0.0801076097838067,0.31247571576822,-0.187769894309919,0.0289425340616759,NA,1,0.00672550456484324,-0.013950125836351,-0.266748096731943
"dr1dbih",-0.0281124277672129,0.0162238625634484,-0.0367642967948565,-0.026020783862037,-0.0899395019131956,0.000110989820574361,-0.0170038276394659,0.0195190168505638,0.00628886031809045,-0.0200734527806472,-0.0244532852245496,-0.000923869146357788,0.0103152759533726,-0.0216991951702571,-0.0240462664039941,0.00735680885782173,-0.00369029950346062,-0.0381544679308849,0.00372312453640524,0.0216902283060743,0.0286905704549854,-0.00689877905046584,0.00312861693978749,0.00900458069213615,-0.0088479765126461,-0.0201785016295046,-0.0227205536662593,-0.0084125553425252,0.0231251869182958,-0.0048509414218866,-0.00589905371384719,-0.0142149851918329,-0.014612042849446,-0.020719750086635,0.074055263186238,-0.0120180510775048,NA,0.00672550456484324,1,0.0399705818835874,0.00512986548411988
"dr1day",-0.0104155040905061,-0.10139833310903,0.00721567333340299,0.013289201824501,-0.017996290603118,0.0421319833853717,-0.0212160956879395,-0.034117473425196,0.0127919232151113,0.0626981889294785,0.0108055821912241,-0.00289151675197485,0.0130417009709011,0.0230314885467975,0.0125467143287667,0.0114949877678858,-0.00836759918909074,-0.0188259778898231,-0.0108067076029212,-0.00837123637927508,-0.00716771017665682,0.0191846695267138,0.00584625591453494,-0.0348748421551411,0.0262216000956045,0.0837414929088704,0.0234311763313871,0.0465252089754377,0.00532131943604131,-0.00568724847332315,0.0200305706816975,0.0228831870283312,-0.194510942558097,-0.152207080146719,-0.00287867758767821,0.0111057889660834,NA,-0.013950125836351,0.0399705818835874,1,0.023261538778577
"dr1lang",0.00554943513297509,0.0846885820232213,-0.036925658152118,0.0117751721034635,-0.0779435276850414,-0.00521757378243874,0.00043567063570174,-0.0154668049033315,0.0142886105304144,-0.0294753977452343,-0.0147520047233176,-0.0127920695510147,0.0235591392121045,-0.0351682337571118,0.101806683621311,0.0949305541450746,-0.00104140869567802,0.106963587044333,-0.00918493108346899,0.0173626588877067,0.0581247906352978,0.0725023648132341,0.0886908515740754,0.0216781187718979,0.0456455947229457,0.0554146621275323,0.0148666943476598,0.0294368712901106,-0.015656666396253,-0.00018839425348319,0.0785804757666404,0.0795193954242433,-0.181877074967859,-0.169759857763407,0.271209235269138,-0.0203924562087314,NA,-0.266748096731943,0.00512986548411988,0.023261538778577,1
